My new input:
34 368
2 1
3 1
4 1
4 1
4 1
4 1
5 1
5 1
5 1
6 1
6 1
6 1
6 1
7 1
8 1
8 1
8 1
9 1
10 1
10 1
10 1
10 1
10 1
10 1
11 1
11 1
11 1
11 1
11 1
12 1
12 1
12 1
13 1
13 1
13 1
13 1
14 1
15 1
16 1
16 1
17 1
18 1
19 1
19 1
19 1
19 1
20 1
21 1
21 1
21 1
21 1
21 1
21 1
21 1
21 1
21 1
22 1
23 1
23 1
23 1
24 1
24 1
24 1
25 1
25 1
25 1
26 1
26 1
26 1
27 1
27 1
27 1
27 1
27 1
28 1
28 1
28 1
28 1
28 1
28 1
29 1
29 1
29 1
29 1
29 1
30 1
30 1
31 1
31 1
32 1
33 1
33 1
33 1
33 1
33 1
34 1
35 1
35 1
35 1
36 1
37 1
38 1
39 1
40 1
40 1
40 1
41 1
42 1
43 1
43 1
43 1
44 1
45 1
46 1
47 1
47 1
48 1
48 1
49 1
49 1
49 1
49 1
49 1
49 1
50 1
51 1
52 1
53 1
53 1
53 1
53 1
53 1
54 1
54 1
54 1
54 1
54 1
55 1
55 1
55 1
56 1
57 1
57 1
58 1
58 1
59 1
60 1
61 1
61 1
61 1
62 1
62 1
63 1
63 1
64 1
65 1
66 1
66 1
67 1
67 1
68 1
68 1
68 1
69 1
70 1
70 1
70 1
71 1
72 1
72 1
73 1
73 1
73 1
74 1
74 1
75 1
75 495
76 234
76 63
77 522
78 167
79 94
80 234
80 149
80 77
81 116
81 94
81 415
81 281
82 116
82 63
82 241
82 259
82 184
82 365
82 441
82 241
82 318
82 524
83 365
83 226
83 524
83 520
84 29
85 85
85 318
85 86
85 441
86 524
86 197
86 184
87 381
87 441
88 373
89 32
90 481
90 441
90 29
90 365
90 139
91 524
92 555
93 318
94 259
94 582
95 524
95 344
96 78
96 373
96 411
96 117
96 441
96 555
97 268
97 365
98 53
99 139
100 268
100 345
101 184
101 53
101 481
101 168
101 321
101 372
101 376
101 268
101 372
101 117
101 373
101 259
102 304
103 555
104 321
105 555
105 394
106 221
106 117
106 117
107 209
107 85
108 168
109 513
110 268
110 168
111 394
111 441
111 429
111 259
112 168
112 520
113 86
114 29
115 582
115 85
115 197
116 32
116 318
117 344
118 582
119 365
119 29
119 489
119 520
120 372
120 259
120 139
120 117
120 372
120 32
121 524
122 381
122 441
122 441
123 411
123 145
123 241
124 373
124 268
125 374
125 252
126 441
126 582
126 365
126 365
126 555
127 394
127 582
128 168
128 268
128 85
128 481
128 109
129 168
130 489
131 429
131 139
131 489
132 381
132 429
132 85
133 429
133 259
133 555
134 441
134 336
134 459
135 395
136 395
136 365
137 53
137 381
138 555
138 32
139 372
139 268
139 489
140 557
140 29
141 411
141 241
142 365
142 372
143 372
144 241
144 429
145 411
145 411
146 321
146 381
146 53
147 372
148 520
148 394
149 324
149 29
149 241
150 321
150 321
151 318
151 197
152 268
152 365
152 268
153 168
153 117
153 365
154 394

Old hit/miss = 1.079096
New hit/miss = 3.6

Explanation:
The first 70 clock cycles system gets access only to page 1. 
Hence, only the first access is miss, other ones are hits. 
The number of hits was increased therefore hit/miss ratio also became greater.

2 reasons that can lead to change in hit/miss ratio:

1. If the average length of the sequence of accesses to the same page is increasing, 
it leads to an increase in the hit/miss ratio. The proof is provided above.

2. Also, the hit/miss ratio correlates with the number of page frames. In the average case,
when access is almost random, increasing the number of frames makes the ratio bigger. 
It happens because some pages are located in physical memory more time, which 
leads to decreasing in misses. This reasoning is the same for the opposite case 
when the number of frames is decreasing.
